range = 387638:919123;

